0 0 8 l 1
0 1 8 l 4
0 _ _ r 7

1 0 8 l 2
1 1 8 l 3
1 _ 0 * 7

2 0 0 l 0
2 1 4 l 0
2 _ 0 * 7

3 0 2 l 0
3 1 6 l 0
3 _ 2 * 7

4 0 8 l 5
4 1 8 l 6
4 _ 1 * 7

5 0 1 l 0
5 1 5 l 0
5 _ 1 * 7

6 0 3 l 0
6 1 7 l 0
6 _ 3 * 7

7 0 0 r 8
7 1 1 r 8
7 2 2 r 8
7 3 3 r 8
7 4 4 r 8
7 5 5 r 8
7 6 6 r 8
7 7 7 r 8
7 8 _ r 7

8 0 8 l 9
8 1 8 l 11
8 2 8 l 13
8 3 8 l 15
8 4 8 l 17
8 5 8 l 19
8 6 8 l 21
8 7 8 l 23
8 8 8 r 8
8 _ _ l 25

9 0 0 r 10
9 1 1 r 10
9 2 2 r 10
9 3 3 r 10
9 4 4 r 10
9 5 5 r 10
9 6 6 r 10
9 7 7 r 10
9 8 8 l 9

10 8 0 * 7

11 0 0 r 12
11 1 1 r 12
11 2 2 r 12
11 3 3 r 12
11 4 4 r 12
11 5 5 r 12
11 6 6 r 12
11 7 7 r 12
11 8 8 l 11

12 8 1 * 7

13 0 0 r 14
13 1 1 r 14
13 2 2 r 14
13 3 3 r 14
13 4 4 r 14
13 5 5 r 14
13 6 6 r 14
13 7 7 r 14
13 8 8 l 13

14 8 2 * 7

15 0 0 r 16
15 1 1 r 16
15 2 2 r 16
15 3 3 r 16
15 4 4 r 16
15 5 5 r 16
15 6 6 r 16
15 7 7 r 16
15 8 8 l 15

16 8 3 * 7

17 0 0 r 18
17 1 1 r 18
17 2 2 r 18
17 3 3 r 18
17 4 4 r 18
17 5 5 r 18
17 6 6 r 18
17 7 7 r 18
17 8 8 l 17

18 8 4 * 7

19 0 0 r 20
19 1 1 r 20
19 2 2 r 20
19 3 3 r 20
19 4 4 r 20
19 5 5 r 20
19 6 6 r 20
19 7 7 r 20
19 8 8 l 19

20 8 5 * 7

21 0 0 r 22
21 1 1 r 22
21 2 2 r 22
21 3 3 r 22
21 4 4 r 22
21 5 5 r 22
21 6 6 r 22
21 7 7 r 22
21 8 8 l 21

22 8 6 * 7

23 0 0 r 24
23 1 1 r 24
23 2 2 r 24
23 3 3 r 24
23 4 4 r 24
23 5 5 r 24
23 6 6 r 24
23 7 7 r 24
23 8 8 l 23

24 8 7 * 7

25 0 0 * halt
25 1 1 * halt
25 2 2 * halt
25 3 3 * halt
25 4 4 * halt
25 5 5 * halt
25 6 6 * halt
25 7 7 * halt
25 8 _ l 25





